00098820B89BBDD1_P0.png 2 717 32 97
04AB930C80FAD83A_P2.png 13 1529 28 251
04E73B426EDE3211_P2.png 13 1126 49 180
0584A8B1EB7D655B_P3.png 44 599 32 74
06B90C1B68D3856F_P0.png 2 723 32 131
114515FD95394C8A_P0.png 2 716 32 120
14AF3E0D9A4F509E_P0.png 16 1209 32 69
166D5FB7A794016C_P0.png 2 675 32 100
17502407C4CF548C_P2.png 38 1421 15 192
1A76A8AACA2F396A_P0.png 2 749 32 102
20DBC520928924A5_P3.png 62 968 80 111
2CBD256A6CB32F8E_P2.png 38 1283 15 286
2ED9EE0974F81967_P0.png 2 743 32 115
2F83E4477265A7D7_P0.png 2 650 32 115
33A074212E6F367D_P0.png 2 934 32 144
33E0E449F6734A3D_P2.png 38 747 66 85
35ED1FE5A9C4C35B_P0.png 2 608 32 96
3B742189636DF3D5_P0.png 2 925 32 169
3FE20634FDC6C3A1_P2.png 13 1165 49 233
403A7055FD46CD4B_P3.png 0 983 32 217
4266049DE7A0D794_P0.png 2 842 32 151
42E4C674E41B63F5_P0.png 22 656 80 50
45456A2B9C790685_P2.png 38 1387 15 221
4650F95427B03AC1_P2.png 13 938 28 178
49EB16C0A07ACF7F_P2.png 13 1194 49 266
4AAE2EB52B543F7A_P2.png 13 1237 28 289
56295D9276DD3C69_P2.png 38 708 9 126
5C01908C03FD8793_P2.png 13 1235 28 269
5CB9B165BA30515F_P0.png 2 824 32 131
61FC8AFDF0E37BDD_P2.png 38 1654 36 207
67EB6894F23B9EAF_P3.png 0 857 32 183
68B4BCF83D09C231_P3.png 0 2812 18 608
6E2AC22C9F8AF9C9_P0.png 2 959 32 154
6EDC4B72CBAFD2EB_P3.png 62 2065 80 292
6F81C42A95F57BC5_P3.png 0 599 80 93
7176A1A32B94D9CF_P0.png 2 726 32 110
728A8A716232921D_P0.png 2 605 32 86
7477CC1A44B53D89_P0.png 2 952 32 158
7A1CA153FB2682E1_P0.png 2 689 32 94
7C336D06039102B3_P2.png 13 1172 28 235
86D5B902A2BB7D1F_P0.png 2 642 32 103
88E5DD67C97B9075_P0.png 16 790 32 142
8955C8360F1BE218_P0.png 2 684 32 111
9601DD452ED267CF_P3.png 0 781 32 158
97148D9BB546E8F3_P3.png 44 1036 32 129
994AEF6FA98FE6A5_P3.png 60 1585 32 408
998A78931AC05DCE_P2.png 13 1391 28 224
9A0FC8C1643EB1E7_P0.png 2 841 32 124
9D65F9F22C8A6199_P0.png 2 676 32 123
A09D96AD263456AD_P0.png 2 560 32 71
A309F37EABDCCD01_P0.png 2 785 32 140
A811931FCEF37705_P2.png 65 978 80 172
A961F719C0AF7D8F_P2.png 38 1406 15 201
A9B3102ABBBC248C_P2.png 38 1278 15 202
A9FB75F7C8BED2A5_P1.png 64 1295 20 306
ABE09EB101C60D47_P3.png 0 3188 18 630
AD41F55B9EDBA692_P0.png 2 913 32 105
AF69BDBFE353E522_P4.png 6 673 32 101
B274D80216D34E15_P0.png 2 647 32 91
B39204C2683C1525_P3.png 41 1770 15 348
B44CF3620061C4F6_P0.png 2 984 32 186
B53252AFC835E73E_P0.png 2 742 32 103
B7946236DA9EF977_P2.png 13 1317 49 257
B7D27B396B255665_P1.png 64 2097 20 530
BCA0452F6942576A_P0.png 2 740 80 123
BE850E5FBFAEE5E5_P0.png 16 1299 32 98
BED85B28DB858BAE_P3.png 44 776 28 107
BFAF492F7E529BC0_P0.png 2 713 32 127
C0A155B138F3D8A2_P0.png 2 719 32 95
C2941066371AA1C0_P0.png 2 587 32 94
C51354500AD1F879_P3.png 0 2641 18 642
C6933814C8A83477_P0.png 2 733 32 125
CF01E9165C628849_P0.png 2 912 32 135
D87296B9134FE83E_P2.png 13 1157 49 282
DD3583726720319A_P3.png 45 1799 0 414
E0D3BB55D39B8178_P2.png 13 1358 49 249
E242EB1EE84F8748_P0.png 2 853 32 124
E9E76A038CDCEBE4_P0.png 16 771 80 44
EAD6A96536D1CA65_P2.png 13 1577 49 264
ECFD8D82AE67DDE7_P2.png 13 1293 28 268
EDBFA6237E3ED39B_P0.png 2 648 32 102
EEF0904DF6C8CE25_P0.png 16 1305 32 101
F071026A7A57B113_P3.png 62 790 80 77
F0922161002B326A_P0.png 2 929 32 119
F3BA4839BBE03106_P3.png 0 986 32 180
F6D8DF1BCB2C3EB5_P0.png 2 814 32 161
F814C864FD9FBEED_P0.png 2 585 32 93